%YAML:1.0
---
K1: !!opencv-matrix
   rows: 3
   cols: 3
   dt: d
   data: [ 1.0891086029997564e+03, 0., 1.0026338345491085e+03, 0.,
       1.0913109574163186e+03, 7.6151238015448939e+02, 0., 0., 1. ]
D1: !!opencv-matrix
   rows: 1
   cols: 5
   dt: d
   data: [ 7.3868329652528666e-03, 1.4734819271459936e-02, 0., 0., 0. ]
K2: !!opencv-matrix
   rows: 3
   cols: 3
   dt: d
   data: [ 1.0860062718700410e+03, 0., 1.0571005326160366e+03, 0.,
       1.0861445367735948e+03, 7.6452924089634712e+02, 0., 0., 1. ]
D2: !!opencv-matrix
   rows: 1
   cols: 5
   dt: d
   data: [ -3.7159373731667075e-03, 3.7874061670455116e-02, 0., 0., 0. ]
R: !!opencv-matrix
   rows: 3
   cols: 3
   dt: d
   data: [ 9.9989137772535763e-01, 7.8011769264645943e-05,
       -1.4738611354198962e-02, 8.2837036942549192e-05,
       9.9994045341873627e-01, 1.0912504513516880e-02,
       1.4738585024064452e-02, -1.0912540075347804e-02,
       9.9983183114991514e-01 ]
T: !!opencv-matrix
   rows: 3
   cols: 1
   dt: d
   data: [ -4.0202668313084945e+02, -3.1248861985707049e-01,
       -1.7446419663280126e+00 ]
E: !!opencv-matrix
   rows: 3
   cols: 3
   dt: d
   data: [ 4.7417509272099810e-03, 1.7411280453887756e+00,
       -3.3147454437989260e-01, -7.6697674960324793e+00,
       4.3869734732485988e+00, 4.0193336121188662e+02,
       2.8109186378974699e-01, -4.0200271793066082e+02,
       4.3917379311173637e+00 ]
F: !!opencv-matrix
   rows: 3
   cols: 3
   dt: d
   data: [ 4.0089922418510646e-09, 1.4690949363710876e-06,
       -1.4279769491929175e-03, -6.4837071098305816e-06,
       3.7010833907423792e-06, 3.7373749648272281e-01,
       5.2108392785725878e-03, -3.7274936086445526e-01,
       4.2510893057578869e-01 ]
R1: !!opencv-matrix
   rows: 3
   cols: 3
   dt: d
   data: [ 9.9994568428345865e-01, 8.0788466772538760e-04,
       -1.0391140709725516e-02, -7.5114278371973310e-04,
       9.9998479370141402e-01, 5.4633460863006749e-03,
       1.0395396452474838e-02, -5.4552441103845571e-03,
       9.9993108564755195e-01 ]
R2: !!opencv-matrix
   rows: 3
   cols: 3
   dt: d
   data: [ 9.9999028191767270e-01, 7.7727572864943453e-04,
       4.3395751699036103e-03, -7.5357274454706255e-04,
       9.9998480459201644e-01, -5.4610175961161680e-03,
       -4.3437539447196156e-03, 5.4576943399266258e-03,
       9.9997567239116358e-01 ]
P1: !!opencv-matrix
   rows: 3
   cols: 4
   dt: d
   data: [ 1.0765882196205416e+03, 0., 1.0285670928955078e+03, 0., 0.,
       1.0765882196205416e+03, 7.5187380218505859e+02, 0., 0., 0., 1.,
       0. ]
P1: !!opencv-matrix
   rows: 3
   cols: 4
   dt: d
   data: [ 1.0765882196205416e+03, 0., 1.0285670928955078e+03,
       -4.3282139722576417e+05, 0., 1.0765882196205416e+03,
       7.5187380218505859e+02, 0., 0., 0., 1., 0. ]
Q: !!opencv-matrix
   rows: 4
   cols: 4
   dt: d
   data: [ 1., 0., 0., -1.0285670928955078e+03, 0., 1., 0.,
       -7.5187380218505859e+02, 0., 0., 0., 1.0765882196205416e+03, 0.,
       0., 2.4873729129869749e-03, 0. ]
