%YAML:1.0
---
K: !!opencv-matrix
   rows: 3
   cols: 3
   dt: d
   data: [ 1.4488240719072840e+03, 0., 640., 0., 1.4488240719072840e+03,
       360., 0., 0., 1. ]
D: !!opencv-matrix
   rows: 1
   cols: 5
   dt: d
   data: [ -1.0620948133026684e-01, 1.7374850091075829e+00, 0., 0.,
       -8.3792975324322256e+00 ]
