%YAML:1.0
---
K1: !!opencv-matrix
   rows: 3
   cols: 3
   dt: d
   data: [ 1.4488240719072840e+03, 0., 640., 0., 1.4488240719072840e+03,
       360., 0., 0., 1. ]
D1: !!opencv-matrix
   rows: 1
   cols: 5
   dt: d
   data: [ -1.0620948133026684e-01, 1.7374850091075829e+00, 0., 0.,
       -8.3792975324322256e+00 ]
K2: !!opencv-matrix
   rows: 3
   cols: 3
   dt: d
   data: [ 1.4488240719072840e+03, 0., 640., 0., 1.4488240719072840e+03,
       360., 0., 0., 1. ]
D2: !!opencv-matrix
   rows: 1
   cols: 5
   dt: d
   data: [ -1.0620948133026684e-01, 1.7374850091075829e+00, 0., 0.,
       -8.3792975324322256e+00 ]
R: !!opencv-matrix
   rows: 3
   cols: 3
   dt: d
   data: [ 9.9993839659464723e-01, -2.0591310166354586e-04,
       -1.1097775250947588e-02, 2.6430427190424200e-04,
       9.9998612954185551e-01, 5.2603105565333323e-03,
       1.1096538152858064e-02, -5.2629196928972929e-03,
       9.9992458141468266e-01 ]
T: !!opencv-matrix
   rows: 3
   cols: 1
   dt: d
   data: [ -1.2936239331765688e+02, -4.7584634462441833e-01,
       -8.1112609907830286e+00 ]
E: !!opencv-matrix
   rows: 3
   cols: 3
   dt: d
   data: [ -3.1364061876287160e-03, 8.1136528249748725e+00,
       -4.3314270514966535e-01, -6.6752865764898797e+00,
       -6.7915367240280688e-01, 1.2944265394043708e+02,
       4.4162599769155131e-01, -1.2936069698499165e+02,
       -6.8576719897391425e-01 ]
F: !!opencv-matrix
   rows: 3
   cols: 3
   dt: d
   data: [ 2.5131374504616109e-09, -6.5013023041841507e-06,
       2.8417013245804735e-03, 5.3487691594639546e-06,
       5.4419179998636067e-07, -1.5389075286652373e-01,
       -2.4398545711671136e-03, 1.5414141110596546e-01, 1. ]
R1: !!opencv-matrix
   rows: 3
   cols: 3
   dt: d
   data: [ 9.9866718416348066e-01, 3.1362586420121334e-03,
       5.1517173415425069e-02, -3.2720852867356423e-03,
       9.9999138931256748e-01, 2.5524025147396134e-03,
       -5.1508724822702641e-02, -2.7175692173936209e-03,
       9.9866884705826686e-01 ]
R2: !!opencv-matrix
   rows: 3
   cols: 3
   dt: d
   data: [ 9.9803329105524929e-01, 3.6711634748126504e-03,
       6.2578530696791229e-02, -3.5061210332080106e-03,
       9.9999008057763072e-01, -2.7469731786099716e-03,
       -6.2587994541513606e-02, 2.5221627791853335e-03,
       9.9803626268497225e-01 ]
P1: !!opencv-matrix
   rows: 3
   cols: 4
   dt: d
   data: [ 1.1891193782628500e+03, 0., 5.8211111640930176e+02, 0., 0.,
       1.1891193782628500e+03, 3.8026623153686523e+02, 0., 0., 0., 1.,
       0. ]
P2: !!opencv-matrix
   rows: 3
   cols: 4
   dt: d
   data: [ 1.1891193782628500e+03, 0., 5.8211111640930176e+02,
       -1.5413045846380570e+05, 0., 1.1891193782628500e+03,
       3.8026623153686523e+02, 0., 0., 0., 1., 0. ]
Q: !!opencv-matrix
   rows: 4
   cols: 4
   dt: d
   data: [ 1., 0., 0., -5.8211111640930176e+02, 0., 1., 0.,
       -3.8026623153686523e+02, 0., 0., 0., 1.1891193782628500e+03, 0.,
       0., 7.7150187582299950e-03, 0. ]
