%YAML:1.0
---
K1: !!opencv-matrix
   rows: 3
   cols: 3
   dt: d
   data: [ 1.4424755667482939e+03, 0., 640., 0., 1.4424755667482939e+03,
       360., 0., 0., 1. ]
D1: !!opencv-matrix
   rows: 1
   cols: 5
   dt: d
   data: [ 0., 0., 0., 0., 0. ]
K2: !!opencv-matrix
   rows: 3
   cols: 3
   dt: d
   data: [ 1.4424755667482939e+03, 0., 640., 0., 1.4424755667482939e+03,
       360., 0., 0., 1. ]
D2: !!opencv-matrix
   rows: 1
   cols: 5
   dt: d
   data: [ 0., 0., 0., 0., 0. ]
R: !!opencv-matrix
   rows: 3
   cols: 3
   dt: d
   data: [ 9.9993720128929342e-01, -7.3890846944162683e-05,
       -1.1206605992795037e-02, 1.3257407951056981e-04,
       9.9998628414295043e-01, 5.2358332754048323e-03,
       1.1206065404434052e-02, -5.2369901772995947e-03,
       9.9992349608959308e-01 ]
T: !!opencv-matrix
   rows: 3
   cols: 1
   dt: d
   data: [ -1.2927974445239226e+02, -4.5096067301196963e-01,
       -8.1043681552629820e+00 ]
E: !!opencv-matrix
   rows: 3
   cols: 3
   dt: d
   data: [ -3.9790656484009652e-03, 8.1066186735227994e+00,
       -4.0849305229358729e-01, -6.6551419395897113e+00,
       -6.7643791319404045e-01, 1.2936067650714182e+02,
       4.3379321014298750e-01, -1.2927800459176402e+02,
       -6.8194092642035953e-01 ]
F: !!opencv-matrix
   rows: 3
   cols: 3
   dt: d
   data: [ 3.2086591433964233e-09, -6.5370562909109307e-06,
       2.8264420689553282e-03, 5.3666071188463360e-06,
       5.4546943601754310e-07, -1.5410214184707988e-01,
       -2.4386163606843264e-03, 1.5436232811475917e-01, 1. ]
R1: !!opencv-matrix
   rows: 3
   cols: 3
   dt: d
   data: [ 9.9867369149871166e-01, 3.0799516612229853e-03,
       5.1394277950962214e-02, -3.2148907581290766e-03,
       9.9999159851234343e-01, 2.5431048231364206e-03,
       -5.1386013522645706e-02, -2.7049588707950909e-03,
       9.9867520286215072e-01 ]
R2: !!opencv-matrix
   rows: 3
   cols: 3
   dt: d
   data: [ 9.9803479307495147e-01, 3.4813995330892208e-03,
       6.2565419115752890e-02, -3.3170786670368027e-03,
       9.9999077183220031e-01, -2.7300621892224169e-03,
       -6.2574346188797689e-02, 2.5171626350592655e-03,
       9.9803713111853376e-01 ]
P1: !!opencv-matrix
   rows: 3
   cols: 4
   dt: d
   data: [ 1.3885151806501397e+03, 0., 5.4142762756347656e+02, 0., 0.,
       1.3885151806501397e+03, 3.6018116760253906e+02, 0., 0., 0., 1.,
       0. ]
P2: !!opencv-matrix
   rows: 3
   cols: 4
   dt: d
   data: [ 1.3885151806501397e+03, 0., 5.4142762756347656e+02,
       -1.7986035052911882e+05, 0., 1.3885151806501397e+03,
       3.6018116760253906e+02, 0., 0., 0., 1., 0. ]
Q: !!opencv-matrix
   rows: 4
   cols: 4
   dt: d
   data: [ 1., 0., 0., -5.4142762756347656e+02, 0., 1., 0.,
       -3.6018116760253906e+02, 0., 0., 0., 1.3885151806501397e+03, 0.,
       0., 7.7199626074638582e-03, 0. ]
