%YAML:1.0
---
K1: !!opencv-matrix
   rows: 3
   cols: 3
   dt: d
   data: [ 1.4488240719072840e+03, 0., 640., 0., 1.4488240719072840e+03,
       360., 0., 0., 1. ]
D1: !!opencv-matrix
   rows: 1
   cols: 5
   dt: d
   data: [ -1.0620948133026684e-01, 1.7374850091075829e+00, 0., 0.,
       -8.3792975324322256e+00 ]
K2: !!opencv-matrix
   rows: 3
   cols: 3
   dt: d
   data: [ 1.4488240719072840e+03, 0., 640., 0., 1.4488240719072840e+03,
       360., 0., 0., 1. ]
D2: !!opencv-matrix
   rows: 1
   cols: 5
   dt: d
   data: [ -1.0620948133026684e-01, 1.7374850091075829e+00, 0., 0.,
       -8.3792975324322256e+00 ]
R: !!opencv-matrix
   rows: 3
   cols: 3
   dt: d
   data: [ 9.9994008899930975e-01, -1.2213014829488068e-03,
       1.0877813876895048e-02, 1.3160415221449863e-03,
       9.9996123100962597e-01, -8.7065786865764948e-03,
       -1.0866758797572243e-02, 8.7203727214669440e-03,
       9.9990292961508731e-01 ]
T: !!opencv-matrix
   rows: 3
   cols: 1
   dt: d
   data: [ 1.2262737421153984e+02, 2.9164336880998523e+00,
       5.1260927172448651e+00 ]
E: !!opencv-matrix
   rows: 3
   cols: 3
   dt: d
   data: [ -3.8438332299954393e-02, -5.1004615950279808e+00,
       2.9607813183565552e+00, 6.4583477054369780e+00,
       -1.0756169136167353e+00, -1.2255971004263040e+02,
       -2.7548762454251539e+00, 1.2262618191683764e+02,
       -1.0993893055444897e+00 ]
F: !!opencv-matrix
   rows: 3
   cols: 3
   dt: d
   data: [ 1.6180467388618733e-08, 2.1470195913091280e-06,
       -2.5889946611460744e-03, -2.7186165002353035e-06,
       4.5277678171909061e-07, 7.6323249997693465e-02,
       2.6484818041189427e-03, -7.6323966918883698e-02, 1. ]
R1: !!opencv-matrix
   rows: 3
   cols: 3
   dt: d
   data: [ 9.9836316939701253e-01, 2.2898732243323058e-02,
       5.2408301376792810e-02, -2.2666049655714612e-02,
       9.9973043863138611e-01, -5.0299370673264733e-03,
       -5.2509353305452415e-02, 3.8338147510255270e-03,
       9.9861307305677616e-01 ]
R2: !!opencv-matrix
   rows: 3
   cols: 3
   dt: d
   data: [ 9.9884547795281609e-01, 2.3755434867932815e-02,
       4.1753927808601890e-02, -2.3940378696478165e-02,
       9.9970564417200947e-01, 3.9348797309623276e-03,
       -4.1648162517447899e-02, -4.9299416693632568e-03,
       9.9912017607195636e-01 ]
P1: !!opencv-matrix
   rows: 3
   cols: 4
   dt: d
   data: [ 1.0986326272215688e+03, 0., 5.9276128196716309e+02, 0., 0.,
       1.0986326272215688e+03, 3.7449058914184570e+02, 0., 0., 0., 1.,
       0. ]
P2: !!opencv-matrix
   rows: 3
   cols: 4
   dt: d
   data: [ 1.0986326272215688e+03, 0., 5.9276128196716309e+02,
       1.3487815410190061e+05, 0., 1.0986326272215688e+03,
       3.7449058914184570e+02, 0., 0., 0., 1., 0. ]
Q: !!opencv-matrix
   rows: 4
   cols: 4
   dt: d
   data: [ 1., 0., 0., -5.9276128196716309e+02, 0., 1., 0.,
       -3.7449058914184570e+02, 0., 0., 0., 1.0986326272215688e+03, 0.,
       0., -8.1453711650854195e-03, 0. ]
