%YAML:1.0
---
K1: !!opencv-matrix
   rows: 3
   cols: 3
   dt: d
   data: [ 1.4488240719072862e+03, 0., 640., 0., 1.4488240719072862e+03,
       360., 0., 0., 1. ]
D1: !!opencv-matrix
   rows: 1
   cols: 5
   dt: d
   data: [ 0., 0., 0., 0., 0. ]
K2: !!opencv-matrix
   rows: 3
   cols: 3
   dt: d
   data: [ 1.4488240719072862e+03, 0., 640., 0., 1.4488240719072862e+03,
       360., 0., 0., 1. ]
D2: !!opencv-matrix
   rows: 1
   cols: 5
   dt: d
   data: [ 0., 0., 0., 0., 0. ]
R: !!opencv-matrix
   rows: 3
   cols: 3
   dt: d
   data: [ 9.9994026808222358e-01, -1.2061501356824909e-03,
       1.0863032242474558e-02, 1.3008488471184863e-03,
       9.9996118033353454e-01, -8.7146783211593578e-03,
       -1.0852099332746600e-02, 8.7282889396792709e-03,
       9.9990301975354468e-01 ]
T: !!opencv-matrix
   rows: 3
   cols: 1
   dt: d
   data: [ 1.3014719856754425e+02, 3.1064161016123064e+00,
       5.0813589061301849e+00 ]
E: !!opencv-matrix
   rows: 3
   cols: 3
   dt: d
   data: [ -4.0321215978374909e-02, -5.0540479521705137e+00,
       3.1503972489144623e+00, 6.4934257135514981e+00,
       -1.1420912355214186e+00, -1.3007937789451881e+02,
       -2.9369287162088549e+00, 1.3014589310090690e+02,
       -1.1679360681865567e+00 ]
F: !!opencv-matrix
   rows: 3
   cols: 3
   dt: d
   data: [ 1.6018705756955676e-08, 2.0078587677212904e-06,
       -2.5464024819014030e-03, -2.5796909477089538e-06,
       4.5372697736168102e-07, 7.6359397292726061e-02,
       2.6088888410936450e-03, -7.6358393275317710e-02, 1. ]
R1: !!opencv-matrix
   rows: 3
   cols: 3
   dt: d
   data: [ 9.9850269482148024e-01, 2.2978139245038380e-02,
       4.9642457141821715e-02, -2.2757570574427920e-02,
       9.9972849022336119e-01, -5.0038802212879312e-03,
       -4.9743958585861572e-02, 3.8666461636268812e-03,
       9.9875451820337380e-01 ]
R2: !!opencv-matrix
   rows: 3
   cols: 3
   dt: d
   data: [ 9.9895460486737264e-01, 2.3843530275676886e-02,
       3.9002352214505910e-02, -2.4016391187403098e-02,
       9.9970368414385591e-01, 3.9694915965907485e-03,
       -3.8896148506055481e-02, -4.9020376574091199e-03,
       9.9923123432877148e-01 ]
P1: !!opencv-matrix
   rows: 3
   cols: 4
   dt: d
   data: [ 1.3638477360802760e+03, 0., 5.6347719097137451e+02, 0., 0.,
       1.3638477360802760e+03, 3.5628069305419922e+02, 0., 0., 0., 1.,
       0. ]
P2: !!opencv-matrix
   rows: 3
   cols: 4
   dt: d
   data: [ 1.3638477360802760e+03, 0., 5.6347719097137451e+02,
       1.7768671495047718e+05, 0., 1.3638477360802760e+03,
       3.5628069305419922e+02, 0., 0., 0., 1., 0. ]
Q: !!opencv-matrix
   rows: 4
   cols: 4
   dt: d
   data: [ 1., 0., 0., -5.6347719097137451e+02, 0., 1., 0.,
       -3.5628069305419922e+02, 0., 0., 0., 1.3638477360802760e+03, 0.,
       0., -7.6755751630637799e-03, 0. ]
