%YAML:1.0
---
K1: !!opencv-matrix
   rows: 3
   cols: 3
   dt: d
   data: [ 1.4488240719072862e+03, 0., 640., 0., 1.4488240719072862e+03,
       360., 0., 0., 1. ]
D1: !!opencv-matrix
   rows: 1
   cols: 5
   dt: d
   data: [ 0., 0., 0., 0., 0. ]
K2: !!opencv-matrix
   rows: 3
   cols: 3
   dt: d
   data: [ 1.4488240719072862e+03, 0., 640., 0., 1.4488240719072862e+03,
       360., 0., 0., 1. ]
D2: !!opencv-matrix
   rows: 1
   cols: 5
   dt: d
   data: [ 0., 0., 0., 0., 0. ]
R: !!opencv-matrix
   rows: 3
   cols: 3
   dt: d
   data: [ 9.9993889215597054e-01, -1.9029221594861278e-04,
       -1.1053313655325091e-02, 2.4865123449291837e-04,
       9.9998603696033184e-01, 5.2786415803111166e-03,
       1.1052154833064542e-02, -5.2810674339903727e-03,
       9.9992497728594798e-01 ]
T: !!opencv-matrix
   rows: 3
   cols: 1
   dt: d
   data: [ -1.2937255311179266e+02, -5.0093739100323043e-01,
       -8.0723525674379939e+00 ]
E: !!opencv-matrix
   rows: 3
   cols: 3
   dt: d
   data: [ -3.5292371758835596e-03, 8.0748853370009748e+00,
       -4.5828875340717778e-01, -6.6420137952359530e+00,
       -6.8168907123290179e-01, 1.2945207347659863e+02,
       4.6873813475852455e-01, -1.2937084200218777e+02,
       -6.8844835631135604e-01 ]
F: !!opencv-matrix
   rows: 3
   cols: 3
   dt: d
   data: [ 2.8080413020759588e-09, -6.4247910825516001e-06,
       2.8394238577205853e-03, 5.2847253206527489e-06,
       5.4238663252110778e-07, -1.5280444971066609e-01,
       -2.4446400885297171e-03, 1.5304993315762896e-01,
       9.9999999999999989e-01 ]
R1: !!opencv-matrix
   rows: 3
   cols: 3
   dt: d
   data: [ 9.9867981228620439e-01, 3.3456568739746130e-03,
       5.1258551599449753e-02, -3.4813071340340173e-03,
       9.9999067021530053e-01, 2.5573390453120354e-03,
       -5.1249517389243299e-02, -2.7324096390878194e-03,
       9.9868214207771522e-01 ]
R2: !!opencv-matrix
   rows: 3
   cols: 3
   dt: d
   data: [ 9.9805157161519298e-01, 3.8645086484424256e-03,
       6.2274601318270006e-02, -3.6996519100146834e-03,
       9.9998934095080749e-01, -2.7623469214384951e-03,
       -6.2284612643799017e-02, 2.5265703385755388e-03,
       9.9805523067119695e-01 ]
P1: !!opencv-matrix
   rows: 3
   cols: 4
   dt: d
   data: [ 1.4446336241164686e+03, 0., 5.4955495643615723e+02, 0., 0.,
       1.4446336241164686e+03, 3.6166590499877930e+02, 0., 0., 0., 1.,
       0. ]
P2: !!opencv-matrix
   rows: 3
   cols: 4
   dt: d
   data: [ 1.4446336241164686e+03, 0., 5.4955495643615723e+02,
       -1.8726080452999737e+05, 0., 1.4446336241164686e+03,
       3.6166590499877930e+02, 0., 0., 0., 1., 0. ]
Q: !!opencv-matrix
   rows: 4
   cols: 4
   dt: d
   data: [ 1., 0., 0., -5.4955495643615723e+02, 0., 1., 0.,
       -3.6166590499877930e+02, 0., 0., 0., 1.4446336241164686e+03, 0.,
       0., 7.7145541895023324e-03, 0. ]
