%YAML:1.0
---
K1: !!opencv-matrix
   rows: 3
   cols: 3
   dt: d
   data: [ 1.4424755667482939e+03, 0., 640., 0., 1.4424755667482939e+03,
       360., 0., 0., 1. ]
D1: !!opencv-matrix
   rows: 1
   cols: 5
   dt: d
   data: [ 0., 0., 0., 0., 0. ]
K2: !!opencv-matrix
   rows: 3
   cols: 3
   dt: d
   data: [ 1.4424755667482939e+03, 0., 640., 0., 1.4424755667482939e+03,
       360., 0., 0., 1. ]
D2: !!opencv-matrix
   rows: 1
   cols: 5
   dt: d
   data: [ 0., 0., 0., 0., 0. ]
R: !!opencv-matrix
   rows: 3
   cols: 3
   dt: d
   data: [ 9.9993879464595614e-01, -1.3967166345275786e-03,
       1.0975251461131815e-02, 1.4912266491207476e-03,
       9.9996184085439555e-01, -8.6077336256150192e-03,
       -1.0962810090172782e-02, 8.6235733736905931e-03,
       9.9990272065696240e-01 ]
T: !!opencv-matrix
   rows: 3
   cols: 1
   dt: d
   data: [ 1.3008391313561836e+02, 3.0077887906379517e+00,
       5.0178198314256690e+00 ]
E: !!opencv-matrix
   rows: 3
   cols: 3
   dt: d
   data: [ -4.0456523956222859e-02, -4.9916904683794741e+00,
       3.0506882514106435e+00, 6.4435979494786748e+00,
       -1.1287966420894131e+00, -1.3001618682357221e+02,
       -2.8136200999703891e+00, 1.3008315027327325e+02,
       -1.1527389115682707e+00 ]
F: !!opencv-matrix
   rows: 3
   cols: 3
   dt: d
   data: [ 1.6309696235246279e-08, 2.0123566554491600e-06,
       -2.5089273963201987e-03, -2.5976805454609009e-06,
       4.5506456174449810e-07, 7.7105899729170008e-02,
       2.5609073595432384e-03, -7.7097879609443545e-02, 1. ]
R1: !!opencv-matrix
   rows: 3
   cols: 3
   dt: d
   data: [ 9.9854110660320616e-01, 2.2034684388522706e-02,
       4.9296359982684675e-02, -2.1818260307490730e-02,
       9.9974982689456293e-01, -4.9241386501669097e-03,
       -4.9392529200262818e-02, 3.8413940424913014e-03,
       9.9877205695344295e-01 ]
R2: !!opencv-matrix
   rows: 3
   cols: 3
   dt: d
   data: [ 9.9899025427795551e-01, 2.3098564736758049e-02,
       3.8534765663845512e-02, -2.3267335786648042e-02,
       9.9972152699797878e-01, 3.9369457986101900e-03,
       -3.8433096974574602e-02, -4.8295718165926108e-03,
       9.9924950452477646e-01 ]
P1: !!opencv-matrix
   rows: 3
   cols: 4
   dt: d
   data: [ 1.3564293507148527e+03, 0., 5.6411003112792969e+02, 0., 0.,
       1.3564293507148527e+03, 3.6094046783447266e+02, 0., 0., 0., 1.,
       0. ]
P2: !!opencv-matrix
   rows: 3
   cols: 4
   dt: d
   data: [ 1.3564293507148527e+03, 0., 5.6411003112792969e+02,
       1.7662798718744991e+05, 0., 1.3564293507148527e+03,
       3.6094046783447266e+02, 0., 0., 0., 1., 0. ]
Q: !!opencv-matrix
   rows: 4
   cols: 4
   dt: d
   data: [ 1., 0., 0., -5.6411003112792969e+02, 0., 1., 0.,
       -3.6094046783447266e+02, 0., 0., 0., 1.3564293507148527e+03, 0.,
       0., -7.6795833566020060e-03, 0. ]
