%YAML:1.0
---
K1: !!opencv-matrix
   rows: 3
   cols: 3
   dt: d
   data: [ 1.3932256642672457e+03, 0., 9.4216002862284427e+02, 0.,
       1.3995797405967189e+03, 5.8481930195559221e+02, 0., 0., 1. ]
K2: !!opencv-matrix
   rows: 3
   cols: 3
   dt: d
   data: [ 1.3863548639970877e+03, 0., 9.8300580103541199e+02, 0.,
       1.3929734520549184e+03, 5.7969887811411400e+02, 0., 0., 1. ]
T: !!opencv-matrix
   rows: 3
   cols: 1
   dt: d
   data: [ -1.1876387058856632e+02, 4.3653779338406543e-02,
       2.8931549594245493e-01 ]
Q: !!opencv-matrix
   rows: 4
   cols: 4
   dt: d
   data: [ 1., 0., 0., -1.0381600286228443e+03, 0., 1., 0.,
       -5.9225909003485310e+02, 0., 0., 0., 1.3863548639970877e+03, 0.,
       0., 8.4200435731795129e-03, 0. ]
