%YAML:1.0
---
K1: !!opencv-matrix
   rows: 3
   cols: 3
   dt: d
   data: [ 1.3984669897875795e+03, 0., 9.1291046685649098e+02, 0.,
       1.4006631595908455e+03, 5.4887012998575096e+02, 0., 0., 1. ]
D1: !!opencv-matrix
   rows: 1
   cols: 5
   dt: d
   data: [ -1.6266454034421707e-01, 1.3656881954113005e-02, 0., 0., 0. ]
K2: !!opencv-matrix
   rows: 3
   cols: 3
   dt: d
   data: [ 1.3938024845256155e+03, 0., 9.4445323666803677e+02, 0.,
       1.3961047033880220e+03, 5.4901861985236326e+02, 0., 0., 1. ]
D2: !!opencv-matrix
   rows: 1
   cols: 5
   dt: d
   data: [ -1.5994159567894653e-01, 3.2169790840317590e-03, 0., 0., 0. ]
R: !!opencv-matrix
   rows: 3
   cols: 3
   dt: d
   data: [ 9.9999997077276781e-01, 2.6592662250825256e-05,
       2.4030666603229621e-04, -2.6834265160634729e-05,
       9.9999949417816469e-01, 1.0054468345233217e-03,
       -2.4027980697185680e-04, -1.0054532535896895e-03,
       9.9999946566454190e-01 ]
T: !!opencv-matrix
   rows: 3
   cols: 1
   dt: d
   data: [ -1.1874820223921608e+02, -7.8129796413974190e-02,
       -7.4401552715984154e-01 ]
E: !!opencv-matrix
   rows: 3
   cols: 3
   dt: d
   data: [ -1.1920975383364281e-06, 7.4409370667854891e-01,
       -7.7381686609834577e-02, -7.7254830052662082e-01,
       -1.1941555165296940e-01, 1.1874795999595024e+02,
       8.1316314876692303e-02, -1.1874814009610320e+02,
       -1.1937622893586100e-01 ]
F: !!opencv-matrix
   rows: 3
   cols: 3
   dt: d
   data: [ -6.1158712946723502e-13, 3.8114716266852401e-07,
       -2.6471813636841574e-04, -3.9569032527573250e-07,
       -6.1067366702948042e-08, 8.5451377032552123e-02,
       2.7538868706092118e-04, -8.5106389596534507e-02,
       -3.0366492834801306e-01 ]
P1: !!opencv-matrix
   rows: 3
   cols: 4
   dt: d
   data: [ 1.3938024845256155e+03, 0., 9.7091046685649098e+02, 0., 0.,
       1.3938024845256155e+03, 5.5394437491905705e+02, 0., 0., 0., 1.,
       0. ]
P2: !!opencv-matrix
   rows: 3
   cols: 4
   dt: d
   data: [ 1.3938024845256155e+03, 0., 9.7091046685649098e+02,
       -1.6551482379508470e+05, 0., 1.3938024845256155e+03,
       5.5394437491905705e+02, 0., 0., 0., 1., 0. ]
R1: !!opencv-matrix
   rows: 3
   cols: 3
   dt: d
   data: [ 9.9997860364775193e-01, 6.7822430276421523e-04,
       6.5063244991031858e-03, -6.8149512661047401e-04,
       9.9999964252667084e-01, 5.0051066220817568e-04,
       -6.5059827147708046e-03, -5.0493398154402786e-04,
       9.9997870838862846e-01 ]
R2: !!opencv-matrix
   rows: 3
   cols: 3
   dt: d
   data: [ 9.9998015597008338e-01, 6.5793203207031349e-04,
       6.2653644338509576e-03, -6.5478217789906074e-04,
       9.9999965822929826e-01, -5.0477874988190603e-04,
       -6.2656944026416141e-03, 5.0066628406796423e-04,
       9.9998024500833260e-01 ]
Q: !!opencv-matrix
   rows: 4
   cols: 4
   dt: d
   data: [ 1., 0., 0., -9.7091046685649098e+02, 0., 1., 0.,
       -5.5394437491905705e+02, 0., 0., 0., 1.3938024845256155e+03, 0.,
       0., 8.4210130099960714e-03, 0. ]
